The following modules were not unloaded:
  (Use "module --force purge" to unload all):

  1) CCconfig        6)  ucx/1.14.1         11) flexiblas/3.3.1
  2) gentoo/2023     7)  libfabric/1.18.0   12) blis/0.9.0
  3) gcccore/.12.3   8)  pmix/4.2.4         13) StdEnv/2023
  4) gcc/12.3        9)  ucc/1.2.0
  5) hwloc/2.9.1     10) openmpi/4.1.5
Looking in links: /cvmfs/soft.computecanada.ca/custom/python/wheelhouse/gentoo2023/x86-64-v3, /cvmfs/soft.computecanada.ca/custom/python/wheelhouse/gentoo2023/generic, /cvmfs/soft.computecanada.ca/custom/python/wheelhouse/generic
Processing /cvmfs/soft.computecanada.ca/custom/python/wheelhouse/gentoo2023/x86-64-v3/torch-2.11.0+computecanada-cp311-cp311-linux_x86_64.whl
Processing /cvmfs/soft.computecanada.ca/custom/python/wheelhouse/gentoo2023/generic/torchvision-0.26.0+computecanada-cp311-cp311-linux_x86_64.whl
Processing /cvmfs/soft.computecanada.ca/custom/python/wheelhouse/generic/torchtext-0.6.0+computecanada-py3-none-any.whl
Processing /cvmfs/soft.computecanada.ca/custom/python/wheelhouse/gentoo2023/x86-64-v3/torchaudio-2.11.0+computecanada-cp311-cp311-linux_x86_64.whl
Processing /cvmfs/soft.computecanada.ca/custom/python/wheelhouse/generic/filelock-3.29.0+computecanada-py3-none-any.whl (from torch==2.11.0)
Processing /cvmfs/soft.computecanada.ca/custom/python/wheelhouse/generic/typing_extensions-4.15.0+computecanada-py3-none-any.whl (from torch==2.11.0)
Requirement already satisfied: setuptools<82 in /home/erikmam/wheel_env/lib/python3.11/site-packages (from torch==2.11.0) (65.5.0)
Processing /cvmfs/soft.computecanada.ca/custom/python/wheelhouse/generic/sympy-1.14.0+computecanada-py3-none-any.whl (from torch==2.11.0)
Processing /cvmfs/soft.computecanada.ca/custom/python/wheelhouse/generic/networkx-3.6.1+computecanada-py3-none-any.whl (from torch==2.11.0)
Requirement already satisfied: jinja2 in /cvmfs/soft.computecanada.ca/easybuild/software/2023/x86-64-v3/Compiler/gcccore/scipy-stack/2023b/lib/python3.11/site-packages (from torch==2.11.0) (3.1.2+computecanada)
Processing /cvmfs/soft.computecanada.ca/custom/python/wheelhouse/generic/fsspec-2026.4.0+computecanada-py3-none-any.whl (from torch==2.11.0)
Requirement already satisfied: numpy in /cvmfs/soft.computecanada.ca/easybuild/software/2023/x86-64-v3/Compiler/gcccore/scipy-stack/2023b/lib/python3.11/site-packages (from torchvision==0.26.0) (1.25.2+computecanada)
Processing /cvmfs/soft.computecanada.ca/custom/python/wheelhouse/gentoo2023/x86-64-v3/Pillow_SIMD-9.5.0.post2+computecanada-cp311-cp311-linux_x86_64.whl (from torchvision==0.26.0)
Processing /cvmfs/soft.computecanada.ca/custom/python/wheelhouse/generic/tqdm-4.67.3+computecanada-py3-none-any.whl (from torchtext==0.6.0+computecanada)
Requirement already satisfied: requests in /cvmfs/soft.computecanada.ca/easybuild/software/2023/x86-64-v3/Compiler/gcccore/scipy-stack/2023b/lib/python3.11/site-packages (from torchtext==0.6.0+computecanada) (2.31.0+computecanada)
Requirement already satisfied: six in /cvmfs/soft.computecanada.ca/easybuild/software/2023/x86-64-v3/Compiler/gcccore/ipykernel/2023b/lib/python3.11/site-packages (from torchtext==0.6.0+computecanada) (1.16.0+computecanada)
Processing /cvmfs/soft.computecanada.ca/custom/python/wheelhouse/gentoo2023/generic/sentencepiece-0.2.0+computecanada-cp311-cp311-linux_x86_64.whl (from torchtext==0.6.0+computecanada)
Requirement already satisfied: mpmath<1.4,>=1.1.0 in /cvmfs/soft.computecanada.ca/easybuild/software/2023/x86-64-v3/Compiler/gcccore/scipy-stack/2023b/lib/python3.11/site-packages (from sympy>=1.13.3->torch==2.11.0) (1.3.0+computecanada)
Requirement already satisfied: MarkupSafe>=2.0 in /cvmfs/soft.computecanada.ca/easybuild/software/2023/x86-64-v3/Compiler/gcccore/scipy-stack/2023b/lib/python3.11/site-packages (from jinja2->torch==2.11.0) (2.1.3+computecanada)
Requirement already satisfied: charset-normalizer<4,>=2 in /cvmfs/soft.computecanada.ca/easybuild/software/2023/x86-64-v3/Compiler/gcccore/scipy-stack/2023b/lib/python3.11/site-packages (from requests->torchtext==0.6.0+computecanada) (3.2.0+computecanada)
Requirement already satisfied: idna<4,>=2.5 in /cvmfs/soft.computecanada.ca/easybuild/software/2023/x86-64-v3/Compiler/gcccore/scipy-stack/2023b/lib/python3.11/site-packages (from requests->torchtext==0.6.0+computecanada) (3.4+computecanada)
Requirement already satisfied: urllib3<3,>=1.21.1 in /cvmfs/soft.computecanada.ca/easybuild/software/2023/x86-64-v3/Compiler/gcccore/scipy-stack/2023b/lib/python3.11/site-packages (from requests->torchtext==0.6.0+computecanada) (2.0.4+computecanada)
Requirement already satisfied: certifi>=2017.4.17 in /cvmfs/soft.computecanada.ca/easybuild/software/2023/x86-64-v3/Compiler/gcccore/scipy-stack/2023b/lib/python3.11/site-packages (from requests->torchtext==0.6.0+computecanada) (2023.7.22+computecanada)
Installing collected packages: sentencepiece, typing-extensions, tqdm, sympy, pillow-simd, networkx, fsspec, filelock, torch, torchvision, torchtext, torchaudio
  Attempting uninstall: typing-extensions
    Found existing installation: typing_extensions 4.7.1+computecanada
    Not uninstalling typing-extensions at /cvmfs/soft.computecanada.ca/easybuild/software/2023/x86-64-v3/Compiler/gcccore/scipy-stack/2023b/lib/python3.11/site-packages, outside environment /home/erikmam/wheel_env
    Can't uninstall 'typing_extensions'. No files were found to uninstall.
  Attempting uninstall: sympy
    Found existing installation: sympy 1.12+computecanada
    Not uninstalling sympy at /cvmfs/soft.computecanada.ca/easybuild/software/2023/x86-64-v3/Compiler/gcccore/scipy-stack/2023b/lib/python3.11/site-packages, outside environment /home/erikmam/wheel_env
    Can't uninstall 'sympy'. No files were found to uninstall.
Successfully installed filelock-3.29.0+computecanada fsspec-2026.4.0+computecanada networkx-3.6.1+computecanada pillow-simd-9.5.0.post2+computecanada sentencepiece-0.2.0+computecanada sympy-1.14.0+computecanada torch-2.11.0+computecanada torchaudio-2.11.0+computecanada torchtext-0.6.0+computecanada torchvision-0.26.0+computecanada tqdm-4.67.3+computecanada typing-extensions-4.15.0+computecanada
/home/erikmam/wheel_env/bin/python
/home/erikmam/wheel_env/bin/pip
Python 3.11.5
Looking in links: /cvmfs/soft.computecanada.ca/custom/python/wheelhouse/gentoo2023/x86-64-v3, /cvmfs/soft.computecanada.ca/custom/python/wheelhouse/gentoo2023/generic, /cvmfs/soft.computecanada.ca/custom/python/wheelhouse/generic, /cvmfs/soft.computecanada.ca/custom/python/wheelhouse/generic
Requirement already satisfied: pip in /home/erikmam/wheel_env/lib/python3.11/site-packages (23.2.1)
Requirement already satisfied: setuptools<82 in /home/erikmam/wheel_env/lib/python3.11/site-packages (65.5.0)
Processing /cvmfs/soft.computecanada.ca/custom/python/wheelhouse/generic/wheel-0.46.3+computecanada-py3-none-any.whl
Processing /cvmfs/soft.computecanada.ca/custom/python/wheelhouse/generic/packaging-26.1+computecanada-py3-none-any.whl (from wheel)
Installing collected packages: packaging, wheel
  Attempting uninstall: packaging
    Found existing installation: packaging 23.1+computecanada
    Not uninstalling packaging at /cvmfs/soft.computecanada.ca/easybuild/software/2023/x86-64-v3/Compiler/gcccore/ipykernel/2023b/lib/python3.11/site-packages, outside environment /home/erikmam/wheel_env
    Can't uninstall 'packaging'. No files were found to uninstall.
Successfully installed packaging-26.1+computecanada wheel-0.46.3+computecanada
Looking in links: /cvmfs/soft.computecanada.ca/custom/python/wheelhouse/gentoo2023/x86-64-v3, /cvmfs/soft.computecanada.ca/custom/python/wheelhouse/gentoo2023/generic, /cvmfs/soft.computecanada.ca/custom/python/wheelhouse/generic
Processing /home/erikmam/src_pkgs/pycolmap
  Preparing metadata (pyproject.toml): started
  Preparing metadata (pyproject.toml): finished with status 'done'
Building wheels for collected packages: pycolmap
  Building wheel for pycolmap (pyproject.toml): started
  Building wheel for pycolmap (pyproject.toml): finished with status 'done'
  Created wheel for pycolmap: filename=pycolmap-0.0.1-py3-none-any.whl size=16535 sha256=faf88ec12ffa7821aae4617d034c5b61f0907e5f7830809a6f99504afe986d64
  Stored in directory: /tmp/pip-ephem-wheel-cache-opawgg44/wheels/5f/14/81/9e75b272ca2bfee377ea42dfdd0abc7f2bb2a860fb9937d3a7
Successfully built pycolmap
\n 1 yayaYAYA \n
Looking in links: /cvmfs/soft.computecanada.ca/custom/python/wheelhouse/gentoo2023/x86-64-v3, /cvmfs/soft.computecanada.ca/custom/python/wheelhouse/gentoo2023/generic, /cvmfs/soft.computecanada.ca/custom/python/wheelhouse/generic, /home/erikmam/wheelhouse
Processing /home/erikmam/wheelhouse/pycolmap-0.0.1-py3-none-any.whl
Installing collected packages: pycolmap
Successfully installed pycolmap-0.0.1
\n 2 yayaYAYA \n
Looking in links: /cvmfs/soft.computecanada.ca/custom/python/wheelhouse/gentoo2023/x86-64-v3, /cvmfs/soft.computecanada.ca/custom/python/wheelhouse/gentoo2023/generic, /cvmfs/soft.computecanada.ca/custom/python/wheelhouse/generic, /cvmfs/soft.computecanada.ca/custom/python/wheelhouse/generic, /cvmfs/soft.computecanada.ca/custom/python/wheelhouse/gentoo2023/generic, /cvmfs/soft.computecanada.ca/custom/python/wheelhouse/gentoo2023/x86-64-v3
Obtaining file:///lustre06/project/6006797/erikmam/Locally_consistent_SCAFFOLD-GS/DA3
  Installing build dependencies: started
  Installing build dependencies: finished with status 'done'
  Checking if build backend supports build_editable: started
  Checking if build backend supports build_editable: finished with status 'done'
  Getting requirements to build editable: started
  Getting requirements to build editable: finished with status 'done'
  Installing backend dependencies: started
  Installing backend dependencies: finished with status 'done'
  Preparing editable metadata (pyproject.toml): started
  Preparing editable metadata (pyproject.toml): finished with status 'done'
Processing /cvmfs/soft.computecanada.ca/custom/python/wheelhouse/generic/e3nn-0.6.0+computecanada-py3-none-any.whl (from depth-anything-3==0.0.0)
Processing /cvmfs/soft.computecanada.ca/custom/python/wheelhouse/generic/einops-0.8.2+computecanada-py3-none-any.whl (from depth-anything-3==0.0.0)
Processing /cvmfs/soft.computecanada.ca/custom/python/wheelhouse/generic/fastapi-0.136.1+computecanada-py3-none-any.whl (from depth-anything-3==0.0.0)
Processing /cvmfs/soft.computecanada.ca/custom/python/wheelhouse/generic/huggingface_hub-1.11.0+computecanada-py3-none-any.whl (from depth-anything-3==0.0.0)
Processing /cvmfs/soft.computecanada.ca/custom/python/wheelhouse/generic/imageio-2.37.2+computecanada-py3-none-any.whl (from depth-anything-3==0.0.0)
Processing /cvmfs/soft.computecanada.ca/custom/python/wheelhouse/generic/moviepy-2.2.1+computecanada-py3-none-any.whl (from depth-anything-3==0.0.0)
Processing /cvmfs/soft.computecanada.ca/custom/python/wheelhouse/generic/moviepy-1.0.3+computecanada-py3-none-any.whl (from depth-anything-3==0.0.0)
Processing /cvmfs/soft.computecanada.ca/custom/python/wheelhouse/generic/omegaconf-2.3.0+computecanada-py3-none-any.whl (from depth-anything-3==0.0.0)
Requirement already satisfied: pillow in /cvmfs/soft.computecanada.ca/easybuild/software/2023/x86-64-v3/Compiler/gcccore/scipy-stack/2023b/lib/python3.11/site-packages (from depth-anything-3==0.0.0) (10.0.0+computecanada)
Processing /cvmfs/soft.computecanada.ca/custom/python/wheelhouse/generic/plyfile-1.0.3+computecanada-py3-none-any.whl (from depth-anything-3==0.0.0)
Requirement already satisfied: requests in /cvmfs/soft.computecanada.ca/easybuild/software/2023/x86-64-v3/Compiler/gcccore/scipy-stack/2023b/lib/python3.11/site-packages (from depth-anything-3==0.0.0) (2.31.0+computecanada)
Processing /cvmfs/soft.computecanada.ca/custom/python/wheelhouse/gentoo2023/generic/safetensors-0.7.0+computecanada-cp38-abi3-linux_x86_64.whl (from depth-anything-3==0.0.0)
Processing /cvmfs/soft.computecanada.ca/custom/python/wheelhouse/generic/trimesh-4.7.1+computecanada-py3-none-any.whl (from depth-anything-3==0.0.0)
Processing /cvmfs/soft.computecanada.ca/custom/python/wheelhouse/generic/typer-0.24.2+computecanada-py3-none-any.whl (from depth-anything-3==0.0.0)
Processing /cvmfs/soft.computecanada.ca/custom/python/wheelhouse/generic/uvicorn-0.46.0+computecanada-py3-none-any.whl (from depth-anything-3==0.0.0)
Processing /cvmfs/soft.computecanada.ca/custom/python/wheelhouse/gentoo2023/generic/xformers-0.0.35+torch210.computecanada-py39-none-linux_x86_64.whl (from depth-anything-3==0.0.0)
Processing /cvmfs/soft.computecanada.ca/custom/python/wheelhouse/generic/decorator-4.4.2+computecanada-py2.py3-none-any.whl (from moviepy->depth-anything-3==0.0.0)
Requirement already satisfied: tqdm<5.0,>=4.11.2 in /home/erikmam/wheel_env/lib/python3.11/site-packages (from moviepy->depth-anything-3==0.0.0) (4.67.3+computecanada)
Processing /cvmfs/soft.computecanada.ca/custom/python/wheelhouse/generic/proglog-0.1.12+computecanada-py3-none-any.whl (from moviepy->depth-anything-3==0.0.0)
Requirement already satisfied: numpy>=1.17.3 in /cvmfs/soft.computecanada.ca/easybuild/software/2023/x86-64-v3/Compiler/gcccore/scipy-stack/2023b/lib/python3.11/site-packages (from moviepy->depth-anything-3==0.0.0) (1.25.2+computecanada)
Processing /cvmfs/soft.computecanada.ca/custom/python/wheelhouse/generic/imageio_ffmpeg-0.6.0+computecanada-py3-none-any.whl (from moviepy->depth-anything-3==0.0.0)
Requirement already satisfied: charset-normalizer<4,>=2 in /cvmfs/soft.computecanada.ca/easybuild/software/2023/x86-64-v3/Compiler/gcccore/scipy-stack/2023b/lib/python3.11/site-packages (from requests->depth-anything-3==0.0.0) (3.2.0+computecanada)
Requirement already satisfied: idna<4,>=2.5 in /cvmfs/soft.computecanada.ca/easybuild/software/2023/x86-64-v3/Compiler/gcccore/scipy-stack/2023b/lib/python3.11/site-packages (from requests->depth-anything-3==0.0.0) (3.4+computecanada)
Requirement already satisfied: urllib3<3,>=1.21.1 in /cvmfs/soft.computecanada.ca/easybuild/software/2023/x86-64-v3/Compiler/gcccore/scipy-stack/2023b/lib/python3.11/site-packages (from requests->depth-anything-3==0.0.0) (2.0.4+computecanada)
Requirement already satisfied: certifi>=2017.4.17 in /cvmfs/soft.computecanada.ca/easybuild/software/2023/x86-64-v3/Compiler/gcccore/scipy-stack/2023b/lib/python3.11/site-packages (from requests->depth-anything-3==0.0.0) (2023.7.22+computecanada)
Processing /cvmfs/soft.computecanada.ca/custom/python/wheelhouse/generic/click-8.3.3+computecanada-py3-none-any.whl (from typer->depth-anything-3==0.0.0)
Processing /cvmfs/soft.computecanada.ca/custom/python/wheelhouse/generic/shellingham-1.5.4+computecanada-py2.py3-none-any.whl (from typer->depth-anything-3==0.0.0)
Processing /cvmfs/soft.computecanada.ca/custom/python/wheelhouse/generic/rich-15.0.0+computecanada-py3-none-any.whl (from typer->depth-anything-3==0.0.0)
Processing /cvmfs/soft.computecanada.ca/custom/python/wheelhouse/generic/annotated_doc-0.0.4+computecanada-py3-none-any.whl (from typer->depth-anything-3==0.0.0)
Requirement already satisfied: sympy in /home/erikmam/wheel_env/lib/python3.11/site-packages (from e3nn->depth-anything-3==0.0.0) (1.14.0+computecanada)
Requirement already satisfied: scipy in /cvmfs/soft.computecanada.ca/easybuild/software/2023/x86-64-v3/Compiler/gcccore/scipy-stack/2023b/lib/python3.11/site-packages (from e3nn->depth-anything-3==0.0.0) (1.11.2+computecanada)
Requirement already satisfied: torch>=2.2.0 in /home/erikmam/wheel_env/lib/python3.11/site-packages (from e3nn->depth-anything-3==0.0.0) (2.11.0+computecanada)
Processing /cvmfs/soft.computecanada.ca/custom/python/wheelhouse/generic/opt_einsum_fx-0.1.4+computecanada-py3-none-any.whl (from e3nn->depth-anything-3==0.0.0)
Processing /cvmfs/soft.computecanada.ca/custom/python/wheelhouse/generic/starlette-1.0.0+computecanada-py3-none-any.whl (from fastapi->depth-anything-3==0.0.0)
Processing /cvmfs/soft.computecanada.ca/custom/python/wheelhouse/generic/pydantic-2.13.3+computecanada-py3-none-any.whl (from fastapi->depth-anything-3==0.0.0)
Requirement already satisfied: typing-extensions>=4.8.0 in /home/erikmam/wheel_env/lib/python3.11/site-packages (from fastapi->depth-anything-3==0.0.0) (4.15.0+computecanada)
Processing /cvmfs/soft.computecanada.ca/custom/python/wheelhouse/generic/typing_inspection-0.4.2+computecanada-py3-none-any.whl (from fastapi->depth-anything-3==0.0.0)
Requirement already satisfied: filelock>=3.10.0 in /home/erikmam/wheel_env/lib/python3.11/site-packages (from huggingface-hub->depth-anything-3==0.0.0) (3.29.0+computecanada)
Requirement already satisfied: fsspec>=2023.5.0 in /home/erikmam/wheel_env/lib/python3.11/site-packages (from huggingface-hub->depth-anything-3==0.0.0) (2026.4.0+computecanada)
Processing /cvmfs/soft.computecanada.ca/custom/python/wheelhouse/gentoo2023/generic/hf_xet-1.4.3+computecanada-cp37-abi3-linux_x86_64.whl (from huggingface-hub->depth-anything-3==0.0.0)
Processing /cvmfs/soft.computecanada.ca/custom/python/wheelhouse/generic/httpx-0.28.1+computecanada-py3-none-any.whl (from huggingface-hub->depth-anything-3==0.0.0)
Requirement already satisfied: packaging>=20.9 in /home/erikmam/wheel_env/lib/python3.11/site-packages (from huggingface-hub->depth-anything-3==0.0.0) (26.1+computecanada)
Requirement already satisfied: pyyaml>=5.1 in /cvmfs/soft.computecanada.ca/easybuild/software/2023/x86-64-v3/Compiler/gcccore/scipy-stack/2023b/lib/python3.11/site-packages (from huggingface-hub->depth-anything-3==0.0.0) (6.0.1+computecanada)
Processing /cvmfs/soft.computecanada.ca/custom/python/wheelhouse/generic/antlr4_python3_runtime-4.9.3+computecanada-py3-none-any.whl (from omegaconf->depth-anything-3==0.0.0)
Processing /cvmfs/soft.computecanada.ca/custom/python/wheelhouse/generic/h11-0.16.0+computecanada-py3-none-any.whl (from uvicorn->depth-anything-3==0.0.0)
Requirement already satisfied: anyio in /cvmfs/soft.computecanada.ca/easybuild/software/2023/x86-64-v3/Compiler/gcccore/scipy-stack/2023b/lib/python3.11/site-packages (from httpx<1,>=0.23.0->huggingface-hub->depth-anything-3==0.0.0) (3.7.1+computecanada)
Processing /cvmfs/soft.computecanada.ca/custom/python/wheelhouse/generic/httpcore-1.0.9+computecanada-py3-none-any.whl (from httpx<1,>=0.23.0->huggingface-hub->depth-anything-3==0.0.0)
Processing /cvmfs/soft.computecanada.ca/custom/python/wheelhouse/generic/opt_einsum-3.4.0+computecanada-py3-none-any.whl (from opt_einsum_fx>=0.1.4->e3nn->depth-anything-3==0.0.0)
Processing /cvmfs/soft.computecanada.ca/custom/python/wheelhouse/generic/annotated_types-0.7.0+computecanada-py3-none-any.whl (from pydantic>=2.9.0->fastapi->depth-anything-3==0.0.0)
Processing /cvmfs/soft.computecanada.ca/custom/python/wheelhouse/gentoo2023/x86-64-v3/pydantic_core-2.46.3+computecanada-cp311-cp311-linux_x86_64.whl (from pydantic>=2.9.0->fastapi->depth-anything-3==0.0.0)
Processing /cvmfs/soft.computecanada.ca/custom/python/wheelhouse/generic/markdown_it_py-4.0.0+computecanada-py3-none-any.whl (from rich>=12.3.0->typer->depth-anything-3==0.0.0)
Requirement already satisfied: pygments<3.0.0,>=2.13.0 in /cvmfs/soft.computecanada.ca/easybuild/software/2023/x86-64-v3/Compiler/gcccore/ipykernel/2023b/lib/python3.11/site-packages (from rich>=12.3.0->typer->depth-anything-3==0.0.0) (2.16.1+computecanada)
Requirement already satisfied: setuptools<82 in /home/erikmam/wheel_env/lib/python3.11/site-packages (from torch>=2.2.0->e3nn->depth-anything-3==0.0.0) (65.5.0)
Requirement already satisfied: networkx>=2.5.1 in /home/erikmam/wheel_env/lib/python3.11/site-packages (from torch>=2.2.0->e3nn->depth-anything-3==0.0.0) (3.6.1+computecanada)
Requirement already satisfied: jinja2 in /cvmfs/soft.computecanada.ca/easybuild/software/2023/x86-64-v3/Compiler/gcccore/scipy-stack/2023b/lib/python3.11/site-packages (from torch>=2.2.0->e3nn->depth-anything-3==0.0.0) (3.1.2+computecanada)
Requirement already satisfied: mpmath<1.4,>=1.1.0 in /cvmfs/soft.computecanada.ca/easybuild/software/2023/x86-64-v3/Compiler/gcccore/scipy-stack/2023b/lib/python3.11/site-packages (from sympy->e3nn->depth-anything-3==0.0.0) (1.3.0+computecanada)
Requirement already satisfied: sniffio>=1.1 in /cvmfs/soft.computecanada.ca/easybuild/software/2023/x86-64-v3/Compiler/gcccore/scipy-stack/2023b/lib/python3.11/site-packages (from anyio->httpx<1,>=0.23.0->huggingface-hub->depth-anything-3==0.0.0) (1.3.0+computecanada)
Processing /cvmfs/soft.computecanada.ca/custom/python/wheelhouse/generic/mdurl-0.1.2+computecanada-py3-none-any.whl (from markdown-it-py>=2.2.0->rich>=12.3.0->typer->depth-anything-3==0.0.0)
Requirement already satisfied: MarkupSafe>=2.0 in /cvmfs/soft.computecanada.ca/easybuild/software/2023/x86-64-v3/Compiler/gcccore/scipy-stack/2023b/lib/python3.11/site-packages (from jinja2->torch>=2.2.0->e3nn->depth-anything-3==0.0.0) (2.1.3+computecanada)
Building wheels for collected packages: depth-anything-3
  Building editable for depth-anything-3 (pyproject.toml): started
  Building editable for depth-anything-3 (pyproject.toml): finished with status 'done'
  Created wheel for depth-anything-3: filename=depth_anything_3-0.0.0-py3-none-any.whl size=12416 sha256=d72d0a62d893b7c04d051d03126702cd0a8dd069c8db9f2c9022203023f81a9d
  Stored in directory: /tmp/pip-ephem-wheel-cache-cakfca08/wheels/d7/85/c6/606ed8e156edbcb9ce235a7c3ad79e2c282ac2325468197c4f
Successfully built depth-anything-3
Installing collected packages: antlr4-python3-runtime, typing-inspection, trimesh, shellingham, safetensors, pydantic-core, proglog, plyfile, opt-einsum, omegaconf, mdurl, imageio-ffmpeg, imageio, hf-xet, h11, einops, decorator, click, annotated-types, annotated-doc, uvicorn, starlette, pydantic, moviepy, markdown-it-py, httpcore, xformers, rich, opt_einsum_fx, httpx, fastapi, typer, e3nn, huggingface-hub, depth-anything-3
  Attempting uninstall: decorator
    Found existing installation: decorator 5.1.1+computecanada
    Not uninstalling decorator at /cvmfs/soft.computecanada.ca/easybuild/software/2023/x86-64-v3/Compiler/gcccore/ipykernel/2023b/lib/python3.11/site-packages, outside environment /home/erikmam/wheel_env
    Can't uninstall 'decorator'. No files were found to uninstall.
Successfully installed annotated-doc-0.0.4+computecanada annotated-types-0.7.0+computecanada antlr4-python3-runtime-4.9.3+computecanada click-8.3.3+computecanada decorator-4.4.2+computecanada depth-anything-3-0.0.0 e3nn-0.6.0+computecanada einops-0.8.2+computecanada fastapi-0.136.1+computecanada h11-0.16.0+computecanada hf-xet-1.4.3+computecanada httpcore-1.0.9+computecanada httpx-0.28.1+computecanada huggingface-hub-1.11.0+computecanada imageio-2.37.2+computecanada imageio-ffmpeg-0.6.0+computecanada markdown-it-py-4.0.0+computecanada mdurl-0.1.2+computecanada moviepy-1.0.3+computecanada omegaconf-2.3.0+computecanada opt-einsum-3.4.0+computecanada opt_einsum_fx-0.1.4+computecanada plyfile-1.0.3+computecanada proglog-0.1.12+computecanada pydantic-2.13.3+computecanada pydantic-core-2.46.3+computecanada rich-15.0.0+computecanada safetensors-0.7.0+computecanada shellingham-1.5.4+computecanada starlette-1.0.0+computecanada trimesh-4.7.1+computecanada typer-0.24.2+computecanada typing-inspection-0.4.2+computecanada uvicorn-0.46.0+computecanada xformers-0.0.35+torch210.computecanada
we're going into python
W0505 18:07:21.430000 3104920 torch/utils/flop_counter.py:29] triton not found; flop counting will not work for triton kernels
A matching Triton is not available, some optimizations will not be enabled
Traceback (most recent call last):
  File "/home/erikmam/wheel_env/lib/python3.11/site-packages/xformers/__init__.py", line 57, in _is_triton_available
    import triton  # noqa
    ^^^^^^^^^^^^^
ModuleNotFoundError: No module named 'triton'
[93m[WARN ] Dependency `gsplat` is required for rendering 3DGS. Install via: pip install git+https://github.com/nerfstudio-project/gsplat.git@0b4dddf04cb687367602c01196913cde6a743d70[0m
num_cameras: 21
num_images: 21
num_points3D: 10848
images1 name cam00.png
[[ 0.99908698  0.02536675 -0.03437645]
 [-0.0287202   0.99448636 -0.10085647]
 [ 0.03162851  0.10175169  0.99430691]]
we've got a pinhole camera
[[1.46206713e+03 0.00000000e+00 1.35200000e+03]
 [0.00000000e+00 1.46206713e+03 1.01400000e+03]
 [0.00000000e+00 0.00000000e+00 1.00000000e+00]]
[[ 0.8387983   0.07884046  0.53870363]
 [-0.02844717  0.99445458 -0.10124643]
 [-0.54369861  0.06960074  0.8363896 ]]
we've got a pinhole camera
[[1.46206713e+03 0.00000000e+00 1.35200000e+03]
 [0.00000000e+00 1.46206713e+03 1.01400000e+03]
 [0.00000000e+00 0.00000000e+00 1.00000000e+00]]
[[ 0.89753719  0.06494533  0.43612968]
 [-0.0204988   0.99416984 -0.10585901]
 [-0.44046202  0.08607226  0.8936357 ]]
we've got a pinhole camera
[[1.46206713e+03 0.00000000e+00 1.35200000e+03]
 [0.00000000e+00 1.46206713e+03 1.01400000e+03]
 [0.00000000e+00 0.00000000e+00 1.00000000e+00]]
[[ 0.94621673  0.04331825  0.3206204 ]
 [-0.0143975   0.99565213 -0.09203018]
 [-0.32321297  0.08246437  0.94272637]]
we've got a pinhole camera
[[1.46206713e+03 0.00000000e+00 1.35200000e+03]
 [0.00000000e+00 1.46206713e+03 1.01400000e+03]
 [0.00000000e+00 0.00000000e+00 1.00000000e+00]]
[[ 0.98129352  0.01876681  0.19160073]
 [-0.00425306  0.99710774 -0.0758819 ]
 [-0.19247063  0.07364753  0.97853518]]
we've got a pinhole camera
[[1.46206713e+03 0.00000000e+00 1.35200000e+03]
 [0.00000000e+00 1.46206713e+03 1.01400000e+03]
 [0.00000000e+00 0.00000000e+00 1.00000000e+00]]
[[ 0.99558404  0.0148355   0.09269476]
 [-0.00745366  0.99680857 -0.07948034]
 [-0.09357806  0.07843844  0.99251728]]
we've got a pinhole camera
[[1.46206713e+03 0.00000000e+00 1.35200000e+03]
 [0.00000000e+00 1.46206713e+03 1.01400000e+03]
 [0.00000000e+00 0.00000000e+00 1.00000000e+00]]
[[ 0.98596493 -0.00527115 -0.16686933]
 [-0.00798171  0.99687031 -0.07865039]
 [ 0.16676166  0.07887843  0.98283709]]
we've got a pinhole camera
[[1.46206713e+03 0.00000000e+00 1.35200000e+03]
 [0.00000000e+00 1.46206713e+03 1.01400000e+03]
 [0.00000000e+00 0.00000000e+00 1.00000000e+00]]
[[ 0.95624818 -0.02466209 -0.29151534]
 [-0.00342654  0.99542806 -0.09545282]
 [ 0.29253661  0.09227547  0.95179177]]
we've got a pinhole camera
[[1.46206713e+03 0.00000000e+00 1.35200000e+03]
 [0.00000000e+00 1.46206713e+03 1.01400000e+03]
 [0.00000000e+00 0.00000000e+00 1.00000000e+00]]
[[ 0.91776178 -0.0207387  -0.3965895 ]
 [-0.0205967   0.99480589 -0.09968455]
 [ 0.3965969   0.09965511  0.91256767]]
we've got a pinhole camera
[[1.46206713e+03 0.00000000e+00 1.35200000e+03]
 [0.00000000e+00 1.46206713e+03 1.01400000e+03]
 [0.00000000e+00 0.00000000e+00 1.00000000e+00]]
[[ 0.85393543 -0.05157864 -0.5178165 ]
 [-0.00311968  0.99455044 -0.10420983]
 [ 0.52036963  0.09060389  0.84912095]]
we've got a pinhole camera
[[1.46206713e+03 0.00000000e+00 1.35200000e+03]
 [0.00000000e+00 1.46206713e+03 1.01400000e+03]
 [0.00000000e+00 0.00000000e+00 1.00000000e+00]]
[[ 0.77904862 -0.06477111 -0.62360881]
 [-0.00841125  0.99348003 -0.11369561]
 [ 0.62690709  0.09381973  0.77342444]]
we've got a pinhole camera
[[1.46206713e+03 0.00000000e+00 1.35200000e+03]
 [0.00000000e+00 1.46206713e+03 1.01400000e+03]
 [0.00000000e+00 0.00000000e+00 1.00000000e+00]]
[[ 0.98496779 -0.01008923  0.1724432 ]
 [ 0.00183605  0.99884791  0.04795295]
 [-0.17272834 -0.0469155   0.98385154]]
we've got a pinhole camera
[[1.46206713e+03 0.00000000e+00 1.35200000e+03]
 [0.00000000e+00 1.46206713e+03 1.01400000e+03]
 [0.00000000e+00 0.00000000e+00 1.00000000e+00]]
[[ 0.99683658 -0.04920486  0.06241558]
 [ 0.0512729   0.99817266 -0.03197534]
 [-0.06072819  0.03507441  0.99753791]]
we've got a pinhole camera
[[1.46206713e+03 0.00000000e+00 1.35200000e+03]
 [0.00000000e+00 1.46206713e+03 1.01400000e+03]
 [0.00000000e+00 0.00000000e+00 1.00000000e+00]]
[[ 0.96446618 -0.02626646  0.26289742]
 [ 0.04003418  0.99808527 -0.04714937]
 [-0.26115559  0.05599886  0.96367105]]
we've got a pinhole camera
[[1.46206713e+03 0.00000000e+00 1.35200000e+03]
 [0.00000000e+00 1.46206713e+03 1.01400000e+03]
 [0.00000000e+00 0.00000000e+00 1.00000000e+00]]
[[ 0.98727472 -0.02186688  0.15751337]
 [ 0.02323819  0.99970636 -0.00686942]
 [-0.15731691  0.01044233  0.98749296]]
we've got a pinhole camera
[[1.46206713e+03 0.00000000e+00 1.35200000e+03]
 [0.00000000e+00 1.46206713e+03 1.01400000e+03]
 [0.00000000e+00 0.00000000e+00 1.00000000e+00]]
[[ 9.99998294e-01  3.28095395e-06 -1.84726051e-03]
 [-1.05677599e-06  9.99999275e-01  1.20404099e-03]
 [ 1.84726312e-03 -1.20403699e-03  9.99997569e-01]]
we've got a pinhole camera
[[1.46206713e+03 0.00000000e+00 1.35200000e+03]
 [0.00000000e+00 1.46206713e+03 1.01400000e+03]
 [0.00000000e+00 0.00000000e+00 1.00000000e+00]]
[[ 0.9949299   0.00144479 -0.10056045]
 [-0.00577334  0.99906841 -0.04276659]
 [ 0.10040498  0.04313033  0.99401138]]
we've got a pinhole camera
[[1.46206713e+03 0.00000000e+00 1.35200000e+03]
 [0.00000000e+00 1.46206713e+03 1.01400000e+03]
 [0.00000000e+00 0.00000000e+00 1.00000000e+00]]
[[ 0.96638071 -0.05901611 -0.25025073]
 [ 0.05494119  0.998219   -0.0232443 ]
 [ 0.25117682  0.00871377  0.967902  ]]
we've got a pinhole camera
[[1.46206713e+03 0.00000000e+00 1.35200000e+03]
 [0.00000000e+00 1.46206713e+03 1.01400000e+03]
 [0.00000000e+00 0.00000000e+00 1.00000000e+00]]
[[ 0.93407455 -0.06478475 -0.35115193]
 [ 0.0529148   0.9976596  -0.04330536]
 [ 0.35313562  0.0218693   0.93531651]]
we've got a pinhole camera
[[1.46206713e+03 0.00000000e+00 1.35200000e+03]
 [0.00000000e+00 1.46206713e+03 1.01400000e+03]
 [0.00000000e+00 0.00000000e+00 1.00000000e+00]]
[[ 0.95636432 -0.02428609 -0.2911657 ]
 [ 0.05031616  0.99534097  0.08224746]
 [ 0.28781168 -0.09330888  0.95313057]]
we've got a pinhole camera
[[1.46206713e+03 0.00000000e+00 1.35200000e+03]
 [0.00000000e+00 1.46206713e+03 1.01400000e+03]
 [0.00000000e+00 0.00000000e+00 1.00000000e+00]]
[[ 0.90287965 -0.06065273 -0.42559322]
 [ 0.12435046  0.98452295  0.12349703]
 [ 0.41151587 -0.16442567  0.89644793]]
we've got a pinhole camera
[[1.46206713e+03 0.00000000e+00 1.35200000e+03]
 [0.00000000e+00 1.46206713e+03 1.01400000e+03]
 [0.00000000e+00 0.00000000e+00 1.00000000e+00]]
[97m[INFO ] using SwiGLU layer as FFN[0m
[97m[INFO ] using MLP layer as FFN[0m
Loading weights from local directory
aaaaaA  [[[1.46206713e+03 0.00000000e+00 1.35200000e+03]
  [0.00000000e+00 1.46206713e+03 1.01400000e+03]
  [0.00000000e+00 0.00000000e+00 1.00000000e+00]]

 [[1.46206713e+03 0.00000000e+00 1.35200000e+03]
  [0.00000000e+00 1.46206713e+03 1.01400000e+03]
  [0.00000000e+00 0.00000000e+00 1.00000000e+00]]

 [[1.46206713e+03 0.00000000e+00 1.35200000e+03]
  [0.00000000e+00 1.46206713e+03 1.01400000e+03]
  [0.00000000e+00 0.00000000e+00 1.00000000e+00]]

 [[1.46206713e+03 0.00000000e+00 1.35200000e+03]
  [0.00000000e+00 1.46206713e+03 1.01400000e+03]
  [0.00000000e+00 0.00000000e+00 1.00000000e+00]]

 [[1.46206713e+03 0.00000000e+00 1.35200000e+03]
  [0.00000000e+00 1.46206713e+03 1.01400000e+03]
  [0.00000000e+00 0.00000000e+00 1.00000000e+00]]

 [[1.46206713e+03 0.00000000e+00 1.35200000e+03]
  [0.00000000e+00 1.46206713e+03 1.01400000e+03]
  [0.00000000e+00 0.00000000e+00 1.00000000e+00]]

 [[1.46206713e+03 0.00000000e+00 1.35200000e+03]
  [0.00000000e+00 1.46206713e+03 1.01400000e+03]
  [0.00000000e+00 0.00000000e+00 1.00000000e+00]]

 [[1.46206713e+03 0.00000000e+00 1.35200000e+03]
  [0.00000000e+00 1.46206713e+03 1.01400000e+03]
  [0.00000000e+00 0.00000000e+00 1.00000000e+00]]

 [[1.46206713e+03 0.00000000e+00 1.35200000e+03]
  [0.00000000e+00 1.46206713e+03 1.01400000e+03]
  [0.00000000e+00 0.00000000e+00 1.00000000e+00]]

 [[1.46206713e+03 0.00000000e+00 1.35200000e+03]
  [0.00000000e+00 1.46206713e+03 1.01400000e+03]
  [0.00000000e+00 0.00000000e+00 1.00000000e+00]]

 [[1.46206713e+03 0.00000000e+00 1.35200000e+03]
  [0.00000000e+00 1.46206713e+03 1.01400000e+03]
  [0.00000000e+00 0.00000000e+00 1.00000000e+00]]

 [[1.46206713e+03 0.00000000e+00 1.35200000e+03]
  [0.00000000e+00 1.46206713e+03 1.01400000e+03]
  [0.00000000e+00 0.00000000e+00 1.00000000e+00]]

 [[1.46206713e+03 0.00000000e+00 1.35200000e+03]
  [0.00000000e+00 1.46206713e+03 1.01400000e+03]
  [0.00000000e+00 0.00000000e+00 1.00000000e+00]]

 [[1.46206713e+03 0.00000000e+00 1.35200000e+03]
  [0.00000000e+00 1.46206713e+03 1.01400000e+03]
  [0.00000000e+00 0.00000000e+00 1.00000000e+00]]

 [[1.46206713e+03 0.00000000e+00 1.35200000e+03]
  [0.00000000e+00 1.46206713e+03 1.01400000e+03]
  [0.00000000e+00 0.00000000e+00 1.00000000e+00]]

 [[1.46206713e+03 0.00000000e+00 1.35200000e+03]
  [0.00000000e+00 1.46206713e+03 1.01400000e+03]
  [0.00000000e+00 0.00000000e+00 1.00000000e+00]]

 [[1.46206713e+03 0.00000000e+00 1.35200000e+03]
  [0.00000000e+00 1.46206713e+03 1.01400000e+03]
  [0.00000000e+00 0.00000000e+00 1.00000000e+00]]

 [[1.46206713e+03 0.00000000e+00 1.35200000e+03]
  [0.00000000e+00 1.46206713e+03 1.01400000e+03]
  [0.00000000e+00 0.00000000e+00 1.00000000e+00]]

 [[1.46206713e+03 0.00000000e+00 1.35200000e+03]
  [0.00000000e+00 1.46206713e+03 1.01400000e+03]
  [0.00000000e+00 0.00000000e+00 1.00000000e+00]]

 [[1.46206713e+03 0.00000000e+00 1.35200000e+03]
  [0.00000000e+00 1.46206713e+03 1.01400000e+03]
  [0.00000000e+00 0.00000000e+00 1.00000000e+00]]

 [[1.46206713e+03 0.00000000e+00 1.35200000e+03]
  [0.00000000e+00 1.46206713e+03 1.01400000e+03]
  [0.00000000e+00 0.00000000e+00 1.00000000e+00]]]
bbbbbB  [[[ 9.99086977e-01  2.53667512e-02 -3.43764550e-02 -5.99259073e-03]
  [-2.87201983e-02  9.94486361e-01 -1.00856472e-01  1.30041746e+00]
  [ 3.16285146e-02  1.01751686e-01  9.94306910e-01  3.48512644e-01]
  [ 0.00000000e+00  0.00000000e+00  0.00000000e+00  1.00000000e+00]]

 [[ 8.38798298e-01  7.88404618e-02  5.38703626e-01 -4.70894951e+00]
  [-2.84471710e-02  9.94454583e-01 -1.01246432e-01  1.27711992e+00]
  [-5.43698605e-01  6.96007405e-02  8.36389600e-01  1.89683304e+00]
  [ 0.00000000e+00  0.00000000e+00  0.00000000e+00  1.00000000e+00]]

 [[ 8.97537189e-01  6.49453298e-02  4.36129680e-01 -3.96319007e+00]
  [-2.04987985e-02  9.94169840e-01 -1.05859005e-01  1.26310186e+00]
  [-4.40462022e-01  8.60722597e-02  8.93635705e-01  1.52080972e+00]
  [ 0.00000000e+00  0.00000000e+00  0.00000000e+00  1.00000000e+00]]

 [[ 9.46216725e-01  4.33182496e-02  3.20620396e-01 -2.94601668e+00]
  [-1.43974982e-02  9.95652127e-01 -9.20301829e-02  1.25600106e+00]
  [-3.23212966e-01  8.24643667e-02  9.42726369e-01  1.51559875e+00]
  [ 0.00000000e+00  0.00000000e+00  0.00000000e+00  1.00000000e+00]]

 [[ 9.81293518e-01  1.87668072e-02  1.91600726e-01 -2.08994536e+00]
  [-4.25306163e-03  9.97107742e-01 -7.58818988e-02  1.24531270e+00]
  [-1.92470628e-01  7.36475258e-02  9.78535180e-01  8.94340825e-01]
  [ 0.00000000e+00  0.00000000e+00  0.00000000e+00  1.00000000e+00]]

 [[ 9.95584044e-01  1.48354975e-02  9.26947601e-02 -1.07183488e+00]
  [-7.45365522e-03  9.96808567e-01 -7.94803370e-02  1.27652572e+00]
  [-9.35780613e-02  7.84384406e-02  9.92517283e-01  4.96625437e-01]
  [ 0.00000000e+00  0.00000000e+00  0.00000000e+00  1.00000000e+00]]

 [[ 9.85964928e-01 -5.27115149e-03 -1.66869335e-01  9.94087590e-01]
  [-7.98170831e-03  9.96870306e-01 -7.86503937e-02  1.32992733e+00]
  [ 1.66761663e-01  7.88784322e-02  9.82837088e-01  4.48494469e-01]
  [ 0.00000000e+00  0.00000000e+00  0.00000000e+00  1.00000000e+00]]

 [[ 9.56248184e-01 -2.46620946e-02 -2.91515335e-01  1.96610141e+00]
  [-3.42653729e-03  9.95428058e-01 -9.54528204e-02  1.34879024e+00]
  [ 2.92536611e-01  9.22754744e-02  9.51791767e-01  8.58991483e-01]
  [ 0.00000000e+00  0.00000000e+00  0.00000000e+00  1.00000000e+00]]

 [[ 9.17761775e-01 -2.07386984e-02 -3.96589498e-01  2.89097252e+00]
  [-2.05967036e-02  9.94805894e-01 -9.96845524e-02  1.32803060e+00]
  [ 3.96596898e-01  9.96551081e-02  9.12567674e-01  1.48278233e+00]
  [ 0.00000000e+00  0.00000000e+00  0.00000000e+00  1.00000000e+00]]

 [[ 8.53935430e-01 -5.15786447e-02 -5.17816497e-01  3.83921683e+00]
  [-3.11967919e-03  9.94550441e-01 -1.04209828e-01  1.37000931e+00]
  [ 5.20369628e-01  9.06038860e-02  8.49120949e-01  1.45072823e+00]
  [ 0.00000000e+00  0.00000000e+00  0.00000000e+00  1.00000000e+00]]

 [[ 7.79048619e-01 -6.47711149e-02 -6.23608813e-01  4.60394417e+00]
  [-8.41124969e-03  9.93480025e-01 -1.13695605e-01  1.39376520e+00]
  [ 6.26907091e-01  9.38197335e-02  7.73424435e-01  1.85155159e+00]
  [ 0.00000000e+00  0.00000000e+00  0.00000000e+00  1.00000000e+00]]

 [[ 9.84967791e-01 -1.00892319e-02  1.72443203e-01 -5.67929226e+00]
  [ 1.83604765e-03  9.98847908e-01  4.79529506e-02 -1.61954533e+00]
  [-1.72728341e-01 -4.69154979e-02  9.83851542e-01  7.00327122e-01]
  [ 0.00000000e+00  0.00000000e+00  0.00000000e+00  1.00000000e+00]]

 [[ 9.96836585e-01 -4.92048563e-02  6.24155841e-02 -4.65391224e+00]
  [ 5.12728993e-02  9.98172664e-01 -3.19753366e-02 -1.80891887e+00]
  [-6.07281880e-02  3.50744133e-02  9.97537905e-01  4.99519668e-02]
  [ 0.00000000e+00  0.00000000e+00  0.00000000e+00  1.00000000e+00]]

 [[ 9.64466184e-01 -2.62664603e-02  2.62897420e-01 -2.53854861e+00]
  [ 4.00341829e-02  9.98085267e-01 -4.71493733e-02 -1.63376829e+00]
  [-2.61155594e-01  5.59988595e-02  9.63671045e-01  1.22982388e+00]
  [ 0.00000000e+00  0.00000000e+00  0.00000000e+00  1.00000000e+00]]

 [[ 9.87274722e-01 -2.18668768e-02  1.57513373e-01 -1.41252856e+00]
  [ 2.32381938e-02  9.99706356e-01 -6.86942041e-03 -1.49319646e+00]
  [-1.57316907e-01  1.04423314e-02  9.87492961e-01  8.00514240e-01]
  [ 0.00000000e+00  0.00000000e+00  0.00000000e+00  1.00000000e+00]]

 [[ 9.99998294e-01  3.28095395e-06 -1.84726051e-03 -4.68760979e-01]
  [-1.05677599e-06  9.99999275e-01  1.20404099e-03 -1.43939084e+00]
  [ 1.84726312e-03 -1.20403699e-03  9.99997569e-01  5.29509714e-01]
  [ 0.00000000e+00  0.00000000e+00  0.00000000e+00  1.00000000e+00]]

 [[ 9.94929901e-01  1.44479014e-03 -1.00560454e-01  6.04510806e-01]
  [-5.77334334e-03  9.99068410e-01 -4.27665901e-02 -1.42580702e+00]
  [ 1.00404984e-01  4.31303293e-02  9.94011375e-01  4.89797449e-01]
  [ 0.00000000e+00  0.00000000e+00  0.00000000e+00  1.00000000e+00]]

 [[ 9.66380706e-01 -5.90161145e-02 -2.50250733e-01  1.70599708e+00]
  [ 5.49411865e-02  9.98218998e-01 -2.32443041e-02 -1.28445980e+00]
  [ 2.51176825e-01  8.71377480e-03  9.67901995e-01  8.66334118e-01]
  [ 0.00000000e+00  0.00000000e+00  0.00000000e+00  1.00000000e+00]]

 [[ 9.34074547e-01 -6.47847493e-02 -3.51151929e-01  2.67246640e+00]
  [ 5.29147971e-02  9.97659596e-01 -4.33053627e-02 -1.19420994e+00]
  [ 3.53135619e-01  2.18693039e-02  9.35316507e-01  1.38048643e+00]
  [ 0.00000000e+00  0.00000000e+00  0.00000000e+00  1.00000000e+00]]

 [[ 9.56364324e-01 -2.42860884e-02 -2.91165701e-01  4.74630063e+00]
  [ 5.03161586e-02  9.95340966e-01  8.22474635e-02 -1.16015757e+00]
  [ 2.87811681e-01 -9.33088795e-02  9.53130573e-01  9.43150045e-01]
  [ 0.00000000e+00  0.00000000e+00  0.00000000e+00  1.00000000e+00]]

 [[ 9.02879646e-01 -6.06527259e-02 -4.25593223e-01  5.63275985e+00]
  [ 1.24350461e-01  9.84522953e-01  1.23497032e-01 -7.40675801e-01]
  [ 4.11515865e-01 -1.64425670e-01  8.96447930e-01  1.71973777e+00]
  [ 0.00000000e+00  0.00000000e+00  0.00000000e+00  1.00000000e+00]]]
[97m[INFO ] Processed Images Done taking 0.7779121398925781 seconds. Shape:  torch.Size([21, 3, 378, 504])[0m
[97m[INFO ] Using camera conditions provided by the user[0m
[97m[INFO ] Model Forward Pass Done. Time: 2.541325569152832 seconds[0m
[97m[INFO ] Conversion to Prediction Done. Time: 0.009209394454956055 seconds[0m
1 asdf asdf  Prediction(depth=array([[[1.5414075 , 1.5410413 , 1.5428032 , ..., 1.230909  ,
         1.2244484 , 1.2239369 ],
        [1.53617   , 1.5398319 , 1.539236  , ..., 1.2308178 ,
         1.2260424 , 1.2227299 ],
        [1.5387663 , 1.5408337 , 1.541319  , ..., 1.2318552 ,
         1.2271361 , 1.2231983 ],
        ...,
        [1.4068533 , 1.3995931 , 1.4023043 , ..., 0.7782599 ,
         0.7816637 , 0.7906582 ],
        [1.3982729 , 1.3973886 , 1.3987929 , ..., 0.7761038 ,
         0.7794819 , 0.7831373 ],
